2025 10 9 12:09:27
2025 10 10 11:08:16
2025 10 16 10:14:04
2025 10 25 16:36:01
2025 10 29 11:27:32
2025 10 30 17:52:10
2025 11 1 16:46:16
2025 11 5 12:09:00
2025 11 6 15:13:39
2025 11 7 14:02:37
2025 11 8 18:07:53
2025 11 12 17:11:45
2025 11 13 17:11:45
2025 11 14 11:04:22
2025 11 18 11:55:55
2025 11 25 10:39:02
2025 11 27 10:19:51
2025 11 29 20:56:23
2025 12 2 15:56:45
2025 12 3 11:32:45
2025 12 7 22:13:22
2025 12 9 09:03:53
2025 12 11 23:32:04
2025 12 14 20:21:01
2025 12 16 22:21:46
2025 12 17 21:58:39
2025 12 18 21:53:31
2025 12 21 14:43:51
2025 12 23 15:27:15
2025 12 25 16:32:07