2025 10 25 16:21:40
2025 10 28 11:13:49
2025 10 28 11:50:45
2025 10 29 11:35:49
2025 10 29 16:56:21
2025 10 30 10:14:11
2025 10 30 17:51:10
2025 11 1 16:45:44
2025 11 4 10:45:20
2025 11 8 15:03:15
2025 11 14 11:04:09
2025 11 24 16:11:54
2025 11 25 16:58:40
2025 11 28 10:53:28
2025 11 29 20:59:30
2025 11 30 22:47:32
2025 12 2 16:10:30
2025 12 3 11:35:57
2025 12 4 22:09:56
2025 12 6 22:11:17
2025 12 7 22:13:05
2025 12 8 22:16:49
2025 12 9 09:05:06
2025 12 10 11:03:22
2025 12 14 20:24:58
2025 12 16 22:25:17
2025 12 16 22:55:51
2025 12 17 21:59:37
2025 12 21 14:46:42
2025 12 23 15:25:18
2025 12 26 14:31:49