2026 1 2 01:50:53
2026 1 2 23:23:15
2026 1 3 23:41:28
2026 1 6 23:00:56
2026 1 9 10:38:58
2026 1 12 23:43:43
2026 1 17 21:54:17
2026 1 22 23:36:47
2026 1 30 18:50:48
2026 2 1 15:51:38
2026 2 3 23:36:35
2026 2 6 10:01:51
2026 2 7 12:28:54
2026 2 8 23:08:22
2026 2 11 10:26:09
2026 2 13 21:03:37
2026 2 14 23:19:44
2026 2 16 23:36:38
2026 2 17 22:48:20
2026 2 18 23:31:05
2026 2 22 19:49:25
2026 2 26 09:35:44
2026 3 1 21:56:39
2026 3 8 00:25:41
2026 3 8 19:45:32
2026 3 10 10:14:19
2026 3 13 11:28:58
2026 3 16 19:12:34
2026 3 17 20:21:26
2026 3 25 13:24:54
2026 3 27 10:13:38
2026 3 27 22:39:54
2026 3 29 20:54:35
2026 3 31 22:04:26
2026 4 1 23:48:26
2026 4 2 22:08:50
2026 4 3 22:18:49
2026 4 5 00:40:51
2026 4 10 20:30:56
2026 4 11 19:23:35
2026 4 13 21:31:13
2026 4 14 23:05:53
2026 4 15 21:42:24
2026 4 16 23:32:43
2026 4 17 23:53:16
2026 4 20 21:49:36
2026 4 23 22:30:05
2026 4 26 18:07:17
2026 4 27 22:34:31
2026 4 28 18:39:14
2026 4 29 21:07:55
2026 4 30 17:33:13
2026 5 1 23:31:44
2026 5 3 21:39:26
2026 5 4 21:31:09
2026 5 5 21:35:27
2026 5 6 22:47:24
2026 5 7 19:38:15
2026 5 8 22:40:18
2026 5 9 23:17:13
2026 5 9 23:17:13
2026 5 11 22:49:47
2026 5 12 23:46:56
2026 5 15 00:07:52
2026 5 15 23:25:28
2026 5 17 00:01:09
2026 5 17 21:31:19
2026 5 19 00:20:56
2026 5 19 20:25:25
2026 5 20 22:53:28
2026 5 22 00:02:58
2026 5 23 01:48:38
2026 5 24 20:55:09
2026 5 26 20:50:01
2026 5 28 23:54:09
2026 5 30 17:58:37
2026 6 1 20:50:21
2026 6 2 23:42:57
2026 6 3 21:49:15
2026 6 4 23:44:20
2026 6 5 22:34:21
2026 6 7 02:56:35
2026 6 7 23:57:24
2026 6 11 23:13:29
2026 6 13 15:48:58
2026 6 13 23:58:36
2026 6 14 23:48:30
2026 6 15 19:42:34
2026 6 16 19:57:30
2026 6 19 03:49:51
2026 6 20 00:14:59
2026 6 20 23:02:54
2026 6 21 19:18:30
2026 6 23 23:45:05
2026 6 25 21:07:15