2026 1 1 02:47:51
2026 1 2 01:39:41
2026 1 3 23:58:04
2026 1 9 10:38:48
2026 1 12 23:48:37
2026 1 17 21:56:49
2026 2 1 15:59:00
2026 2 6 10:15:46
2026 2 7 12:25:17
2026 2 8 23:15:25
2026 2 11 10:28:27
2026 2 11 22:29:51
2026 2 13 21:03:11
2026 2 14 23:33:25
2026 2 16 23:32:52
2026 2 17 22:40:08
2026 2 18 23:43:01
2026 2 24 12:36:52
2026 2 26 22:52:38
2026 2 28 14:24:01
2026 3 1 22:09:01
2026 3 1 22:37:01
2026 3 2 14:20:17
2026 3 7 23:53:48
2026 3 13 11:55:35
2026 3 22 15:18:12
2026 3 25 13:24:49
2026 3 27 22:39:11
2026 3 31 22:20:41
2026 4 1 23:53:14
2026 4 2 22:41:34
2026 4 2 23:19:46
2026 4 3 22:17:52
2026 4 5 01:05:53
2026 4 5 18:26:36
2026 4 6 10:52:43
2026 4 10 20:50:33
2026 4 11 19:23:25
2026 4 12 11:22:11
2026 4 12 22:19:04
2026 4 13 01:47:45
2026 4 13 21:46:39
2026 4 14 23:05:32
2026 4 19 16:50:52
2026 4 20 12:51:55
2026 4 20 21:48:58
2026 4 22 14:51:45
2026 4 23 22:29:52
2026 4 27 22:34:18
2026 4 29 21:26:28
2026 4 30 21:21:00
2026 5 1 15:51:39
2026 5 1 23:55:20