2026 1 2 01:52:21
2026 1 4 00:50:17
2026 1 6 23:02:24
2026 1 6 23:02:51
2026 1 9 10:53:48
2026 1 9 10:54:32
2026 1 12 23:45:26
2026 1 29 18:25:04
2026 1 30 18:26:30
2026 2 1 15:55:18
2026 2 3 23:39:31
2026 2 6 10:02:17
2026 2 8 23:08:12
2026 2 13 20:37:52
2026 2 13 20:40:06
2026 2 14 23:22:39
2026 2 18 23:32:33
2026 2 23 11:39:16
2026 2 26 16:29:51
2026 2 27 14:40:53
2026 3 1 21:55:14
2026 3 1 21:55:37
2026 3 2 18:01:19
2026 3 8 00:06:42
2026 3 13 11:56:13
2026 3 13 11:56:33
2026 3 13 11:56:46
2026 3 16 17:28:03
2026 3 16 17:29:15
2026 3 16 17:29:48
2026 3 17 20:22:01
2026 3 22 15:12:06
2026 3 27 10:16:07
2026 3 27 10:16:23
2026 3 29 20:55:58
2026 3 30 12:07:28
2026 3 31 22:06:17
2026 4 1 23:55:29
2026 4 2 22:41:53
2026 4 3 22:18:25
2026 4 5 18:28:06
2026 4 5 18:28:19
2026 4 10 20:31:15
2026 4 10 20:31:40
2026 4 10 20:32:09
2026 4 11 19:25:03
2026 4 12 11:22:36
2026 4 14 22:52:38
2026 4 17 23:53:03
2026 4 19 16:21:20
2026 4 20 21:49:50
2026 4 22 14:17:45
2026 4 23 22:30:28
2026 4 26 18:22:13
2026 4 27 22:36:53
2026 4 29 12:58:06
2026 4 30 17:33:46
2026 5 1 15:52:36
2026 5 3 12:22:43
2026 5 3 22:00:05
2026 5 4 11:03:47
2026 5 5 21:22:09
2026 5 6 22:52:15
2026 5 7 15:27:04
2026 5 8 08:36:09
2026 5 9 23:15:16
2026 5 10 18:32:02
2026 5 11 22:50:03
2026 5 12 23:49:51
2026 5 15 00:10:11
2026 5 15 23:25:47
2026 5 17 00:04:42
2026 5 18 17:23:08
2026 5 19 20:25:09
2026 5 20 23:04:38
2026 5 22 00:03:48
2026 5 23 23:59:57
2026 5 24 20:57:10
2026 5 26 20:51:05
2026 5 28 23:53:53
2026 5 29 12:17:00
2026 5 30 17:45:42
2026 6 2 23:41:16
2026 6 3 10:46:19
2026 6 4 23:44:39
2026 6 5 22:35:26
2026 6 7 02:56:19
2026 6 7 23:57:09