2026 1 2 01:51:53
2026 1 2 23:27:35
2026 1 6 23:01:36
2026 1 9 10:39:42
2026 1 30 18:51:42
2026 2 3 23:37:05
2026 2 6 10:02:54
2026 2 7 12:29:35
2026 2 8 23:16:28
2026 2 14 23:20:55
2026 2 17 22:48:54
2026 2 18 23:31:43
2026 2 26 09:36:24
2026 2 28 14:26:39
2026 3 8 19:46:35
2026 3 10 10:14:54
2026 3 13 11:30:18
2026 3 13 11:30:58
2026 3 27 10:14:32
2026 3 27 22:40:44
2026 3 29 20:55:45
2026 3 31 22:05:16
2026 4 2 22:08:45
2026 4 3 22:19:20
2026 4 5 00:41:53
2026 4 10 20:30:43
2026 4 14 22:51:10
2026 4 14 22:51:48
2026 4 16 23:36:31
2026 4 17 23:53:49
2026 4 20 18:43:36
2026 4 22 14:13:15
2026 4 22 14:14:16
2026 4 26 18:08:10
2026 4 30 21:22:10