2026 1 1 02:50:02
2026 1 2 01:50:29
2026 1 2 23:24:29
2026 1 3 23:58:31
2026 1 6 23:08:41
2026 1 9 10:42:47
2026 1 12 23:45:09
2026 1 17 21:58:15
2026 1 22 23:36:19
2026 1 25 23:20:13
2026 1 27 23:03:14
2026 1 29 18:49:25
2026 1 30 18:50:32
2026 2 3 23:38:49
2026 2 6 10:05:30
2026 2 7 13:42:19
2026 2 8 23:09:51
2026 2 11 22:34:11
2026 2 14 23:22:15
2026 2 16 23:38:19
2026 2 17 22:50:41
2026 2 18 23:47:56
2026 2 22 19:51:11
2026 2 23 22:17:27
2026 2 26 22:54:27
2026 3 1 21:54:33
2026 3 8 19:48:37
2026 3 16 19:14:39
2026 3 25 13:26:39
2026 3 29 20:57:59
2026 4 1 23:54:29
2026 4 3 22:20:46
2026 4 5 01:10:55
2026 4 10 20:52:13
2026 4 12 11:24:57
2026 4 13 21:48:25
2026 4 15 21:44:43
2026 4 16 23:35:40
2026 4 26 18:20:27
2026 4 27 22:36:30
2026 4 28 18:58:37
2026 4 29 22:11:49
2026 5 1 00:45:10
2026 5 1 23:58:11
2026 5 4 22:17:50
2026 5 5 21:21:47
2026 5 6 22:50:10
2026 5 8 22:42:49
2026 5 9 23:17:03
2026 5 10 21:36:20
2026 5 11 22:51:42
2026 5 12 23:49:34
2026 5 15 00:09:51
2026 5 15 23:27:39
2026 5 17 00:04:01
2026 5 19 00:20:43
2026 5 19 20:29:14
2026 5 20 22:55:25
2026 5 22 00:05:34
2026 5 23 01:53:22
2026 5 23 23:59:38
2026 5 24 20:56:35
2026 5 26 23:17:34
2026 6 1 20:52:20
2026 6 2 23:44:41
2026 6 3 21:51:01
2026 6 4 23:46:12
2026 6 5 23:24:57
2026 6 8 00:19:15
2026 6 13 23:59:51
2026 6 14 23:50:16